flyStereo:
  # Global Commands
  wait_for_start_command: false
  R_imu_cam0: [0., 1., 0.,
               1., 0., 0.,
               0., 0.,-1.]

  vio_calibration_rvec: [0.000443016, -0.000008938, -0.000000009]
  vio_calibration_tvec: [-0.000098998, -0.00195377, -0.000001954]


  replay_mode:
    enable: true
    replay_dir: /root/flyStereo/replay_data/oakd_s2/2022-07-07/run008
    replay_speed_multiplier: 1
    enable_serial_replay: false

  record_mode:
    enable: false  # Enables logging
    log_root_dir: /tmp
    outputs:
      SQL_database: false
      trajectory: true

  mavlink_reader:
    # device: /root/flyStereo/replay_data/flight/8_15_20/run005/imu.dat

  vio:
    vio_calibration: [-0.0021, 0.0004, -0.0012]
    kalman_filter:
      dt: 0.2
      sigma_a: 1.0
      f: [0.0, 1.0, 0.0, 0.0, 0.0, 0.0,
          0.0, 0.0, 0.0, 0.0, 0.0, 0.0,
          0.0, 0.0, 0.0, 1.0, 0.0, 0.0,
          0.0, 0.0, 0.0, 0.0, 0.0, 0.0,
          0.0, 0.0, 0.0, 0.0, 0.0, 1.0,
          0.0, 0.0, 0.0, 0.0, 0.0, 0.0]
      h:  [1.0, 0.0, 0.0, 0.0, 0.0, 0.0,
          0.0, 0.0, 1.0, 0.0, 0.0, 0.0,
          0.0, 0.0, 0.0, 0.0, 1.0, 0.0]
      r:  [0.001, 0.0, 0.0,
          0.0, 0.001, 0.0,
          0.0, 0.0, 0.001]

  ImageSinkCam0:
    framerate: 20
    width: 1280
    height: 720
    sink_pipeline: "appsrc ! videoconvert ! queue ! xvimagesink sync=false "
    # sink_pipeline: "appsrc ! videoconvert ! tee name=t ! queue ! autovideosink t. ! queue ! videoconvert ! x264enc tune=zerolatency ! qtmux ! filesink location=/root/flyStereo/build_docker/replay/run023/cam1_annotated.mp4"
    # sink_pipeline: "appsrc ! videoconvert ! queue ! videoconvert ! x264enc tune=zerolatency ! qtmux ! filesink location=/root/flyStereo/build_docker/replay/run023/cam1_annotated.mp4"


  ImageSinkCam1:
    framerate: 20
    width: 1280
    height: 720
    sink_pipeline: "appsrc ! videoconvert ! queue ! xvimagesink sync=false "
    # sink_pipeline: "appsrc ! videoconvert ! tee name=t ! queue ! autovideosink t. ! queue ! videoconvert ! x264enc tune=zerolatency ! qtmux ! filesink location=/root/flyStereo/build_docker/replay/run023/cam1_annotated.mp4"
    # sink_pipeline: "appsrc ! videoconvert ! queue ! videoconvert ! x264enc tune=zerolatency ! qtmux ! filesink location=/root/flyStereo/build_docker/replay/run023/cam1_annotated.mp4"

  stereo_calibration:
    image_size: [1280, 720]
    K0:
      rows: 3
      cols: 3
      dt: d
      data: [ 7.9729111496640428e+02, 0., 6.6105097896843006e+02, 0.,
          7.9654404477327751e+02, 3.7505947915574194e+02, 0., 0., 1. ]
    D0:
      rows: 8
      cols: 1
      dt: d
      data: [ -1.0213830211147780e+01, 6.8510709385541674e+01,
          -8.2820829027617520e-05, 2.4734139353600515e-04,
          -8.1909334884705942e+01, -1.0267068372311039e+01,
          6.8621408267212558e+01, -8.1832381504479997e+01 ]
    K1:
      rows: 3
      cols: 3
      dt: d
      data: [ 8.0263250602985181e+02, 0., 6.4012734502958028e+02, 0.,
          8.0185411077948720e+02, 3.7665317612930204e+02, 0., 0., 1. ]
    D1:
      rows: 8
      cols: 1
      dt: d
      data: [ -1.1227843794555394e+01, 8.7248827063968122e+01,
          -1.1776659414862432e-03, 2.3356882826313150e-04,
          -8.2874383277203208e+01, -1.1272778963618663e+01,
          8.7126226296288991e+01, -8.2245597439955574e+01 ]
    R:
      rows: 3
      cols: 3
      dt: d
      data: [ 9.9997172160323355e-01, -1.5657695802296346e-03,
          -7.3555665646402365e-03, 1.5555679286127226e-03,
          9.9999782064909626e-01, -1.3924458615977564e-03,
          7.3577307836518030e-03, 1.3809644020164704e-03,
          9.9997197797490089e-01 ]
    T:
      rows: 3
      cols: 1
      dt: d
      data: [ -7.4820498667433274e-02, -3.8926708174726287e-04,
          9.1657003414273436e-03 ]
    R0:
      rows: 3
      cols: 3
      dt: d
      data: [ 9.9165206438534792e-01, 3.4419505290368513e-03,
          -1.2889661041638634e-01, -3.5239828954628555e-03,
          9.9999370737409299e-01, -4.0835862824141294e-04,
          1.2889439376803979e-01, 8.5917912709563551e-04,
          9.9165795366466802e-01 ]
    R1:
      rows: 3
      cols: 3
      dt: d
      data: [ 9.9256674035125469e-01, 5.1640067272647177e-03,
          -1.2159193634039220e-01, -5.0866392612288602e-03,
          9.9998661485941187e-01, 9.4668000948516112e-04,
          1.2159519747716745e-01, -3.2114877393251686e-04,
          9.9257972214525592e-01 ]
    P0:
      rows: 3
      cols: 4
      dt: d
      data: [ 7.9919907777638241e+02, 0., 8.2560940551757812e+02, 0., 0.,
          7.9919907777638241e+02, 3.6137877273559570e+02, 0., 0., 0., 1.,
          0. ]
    P1:
      rows: 3
      cols: 4
      dt: d
      data: [ 7.9919907777638241e+02, 0., 8.2560940551757812e+02,
          -6.0244284946139388e+01, 0., 7.9919907777638241e+02,
          3.6137877273559570e+02, 0., 0., 0., 1., 0. ]
    E:
      rows: 3
      cols: 3
      dt: d
      data: [ -1.7121991884833197e-05, -9.1662179301327910e-03,
          -3.7649343218626224e-04, 9.7159502364100002e-03,
          8.8973070424738798e-05, 7.4750983126568776e-02,
          2.7286770576840698e-04, -7.4820945109867074e-02,
          1.0132021380093267e-04 ]
    F:
      rows: 3
      cols: 3
      dt: d
      data: [ -4.1611541537287992e-08, -2.2297533540551915e-05,
          7.6608943035276775e-03, 2.3635575652875838e-05,
          2.1664397216166640e-07, 1.2927664191243879e-01,
          -8.3435123500918383e-03, -1.3189366045209849e-01, 1. ]


    # K0:
    #    rows: 3
    #    cols: 3
    #    dt: d
    #    data: [798.849792, 0.000000, 643.737549,
    #           0.000000, 798.849792, 375.421753,
    #           0.000000, 0.000000, 1.000000]
    # D0:
    #    rows: 0
    #    cols: 1
    #    dt: d
    #    data: [  ]
    # K1:
    #    rows: 3
    #    cols: 3
    #    dt: d
    #    data: [798.849792, 0.000000, 643.737549,
    #           0.000000, 798.849792, 375.421753,
    #           0.000000, 0.000000, 1.000000]

    # D1:
    #    rows: 0
    #    cols: 1
    #    dt: d
    #    data: []
    # R:
    #    rows: 3
    #    cols: 3
    #    dt: d
    #    data: [0.999849, -0.001484, -0.017304,
    #           0.001429, 0.999994, -0.003185,
    #           0.017309, 0.003159, 0.999845]

    # T:
    #    rows: 3
    #    cols: 1
    #    dt: d
    #    data: [-0.07485001, -0.00037700, -0.00000521]
    # E:
    #    rows: 3
    #    cols: 3
    #    dt: d
    #    data: [ -6.6711931189522534e-04, -1.8881446922506674e-03,
    #        1.3225146160001761e-01, -2.1640485903113523e-03,
    #        -7.0361287805176975e-05, 1.1401013597424040e-03,
    #        -1.3221074499902563e-01, -3.3026595611717201e-03,
    #        -7.3287162022982254e-04 ]
    # F:
    #    rows: 3
    #    cols: 3
    #    dt: d
    #    data: [ 3.9024333072926777e-07, 1.1048593366057523e-06,
    #        -5.4384653353871965e-02, 1.2654308739328487e-06,
    #        4.1157116390442146e-08, -1.2964087997648973e-03,
    #        5.3113014408008898e-02, 6.0639350746943864e-04, 1. ]
