%YAML:1.0
---
K1: !!opencv-matrix
   rows: 3
   cols: 3
   dt: d
   data: [ 1.0991707694104427e+03, 0., 5.9768133242668068e+02, 0.,
       1.1106282735854988e+03, 5.0406298601952500e+02, 0., 0., 1. ]
K2: !!opencv-matrix
   rows: 3
   cols: 3
   dt: d
   data: [ 1.3808711229182309e+03, 0., 6.4739808628045409e+02, 0.,
       1.4107235311373747e+03, 4.8717286610735852e+02, 0., 0., 1. ]
D1: !!opencv-matrix
   rows: 1
   cols: 5
   dt: d
   data: [ 5.6331973262512824e-01, -4.5100613316723814e+00,
       3.5847104960869951e-02, 1.3530941219479842e-02,
       1.3753851707563365e+01 ]
D2: !!opencv-matrix
   rows: 1
   cols: 5
   dt: d
   data: [ 6.7258127538788504e-01, -8.8264950190631115e+00,
       4.5742417664822725e-02, -2.2856202874652989e-03,
       4.3246066994420048e+01 ]
R: !!opencv-matrix
   rows: 3
   cols: 3
   dt: d
   data: [ 9.5916109471264288e-01, 2.7769618675522595e-01,
       -5.3803552403640834e-02, -1.5718932420237305e-01,
       6.8142502393602267e-01, 7.1480868287297139e-01,
       2.3516273247784372e-01, -6.7715933473252632e-01,
       6.9724724785269432e-01 ]
T: [ 1.4102971566605871e-01, -7.2740273372934883e-01,
    2.9269032309893694e-01 ]
E: !!opencv-matrix
   rows: 3
   cols: 3
   dt: d
   data: [ -1.2505022038715094e-01, 2.9312104083125151e-01,
       -7.1639713851733022e-01, 2.4757223741876980e-01,
       1.7677857506267547e-01, -1.1408036025049967e-01,
       6.7552803668281070e-01, 2.9809814276540170e-01,
       6.1672414198446462e-02 ]
F: !!opencv-matrix
   rows: 3
   cols: 3
   dt: d
   data: [ -2.1119573190370138e-06, 4.8994137327292372e-06,
       -1.4506357171322154e-02, 4.0927371579735439e-06,
       2.8922643671913509e-06, -5.9769819082559697e-03,
       1.5127637369681531e-02, 2.2994304854932544e-03, 1. ]
R1: !!opencv-matrix
   rows: 3
   cols: 3
   dt: d
   data: [ 9.1014514554755976e-01, 4.0845652655314757e-01,
       6.9275392112561174e-02, -3.9971740255202654e-01,
       8.2180934070324863e-01, 4.0602389785572085e-01,
       1.0891194669673482e-01, -3.9723125940568871e-01,
       9.1123296385594932e-01 ]
R2: !!opencv-matrix
   rows: 3
   cols: 3
   dt: d
   data: [ 9.8267537184007792e-01, 1.8478604982010047e-01,
       -1.4255853915079426e-02, -1.7702558931978835e-01,
       9.1306216567983700e-01, -3.6739545768834375e-01,
       -5.4873074498759056e-02, 3.6355411893682249e-01,
       9.2995556254001954e-01 ]
P1: !!opencv-matrix
   rows: 3
   cols: 4
   dt: d
   data: [ 1.2400209461643367e+03, 0., 6.3296669769287109e+02, 0., 0.,
       1.2400209461643367e+03, 3.6927997589111328e+02, 0., 0., 0., 1.,
       0. ]
P2: !!opencv-matrix
   rows: 3
   cols: 4
   dt: d
   data: [ 1.2400209461643367e+03, 0., 6.3296669769287109e+02, 0., 0.,
       1.2400209461643367e+03, 3.6927997589111328e+02,
       -9.8787865714487884e+02, 0., 0., 1., 0. ]
Q: !!opencv-matrix
   rows: 4
   cols: 4
   dt: d
   data: [ 1., 0., 0., -6.3296669769287109e+02, 0., 1., 0.,
       -3.6927997589111328e+02, 0., 0., 0., 1.2400209461643367e+03, 0.,
       0., 1.2552360932143101e+00, 0. ]
